,Cx,Cy,Cz
0,0.042907274063967396,-0.25438610524004435,0.019553333982329967
1,0.0041840143186735144,-0.1186178800411463,0.022701795344859978
2,-0.013570707185370286,0.6480509016327695,-0.0383983985629017
3,-0.012603980419804766,0.5926788035477805,-0.034311873027726036
4,0.0039627721367400445,0.4336082013163417,-0.026009212869943402
5,0.000561388634414904,0.3105786395505497,-0.015349145947284244
6,-0.0008277331988935774,0.6445166782734518,-0.045247600134876484
7,-0.005901540415035447,0.48025403153399754,-0.02714394612149411
8,-0.008622291564017672,0.6358903065194864,-0.040086882291241355
9,0.003131466880640478,0.2217001642584952,-0.009512732809662057
10,0.03627752156877446,-0.1765422472888564,0.016964140697498326
11,0.009440447931876367,0.5882027400794222,-0.04457770114460997
12,0.03667832263914033,-0.14070916199163466,0.013464318393797761
13,-0.004906398941922013,0.650157918956369,-0.043708883646251216
14,0.014843523739350785,0.08870399602434548,0.0019000007636427456
15,0.010571990628607598,0.7680298954053948,-0.0664967692964868
16,-0.00011942639295227028,0.665560644611055,-0.04813465914534817
17,0.0046225124538812066,0.14179580129922176,-0.0032034980370690483
18,0.013181787044214419,0.48784617155587734,-0.035135325627703974
19,0.020374519127999823,0.2199373347445617,-0.010798828869481804
20,-0.007638350375507782,0.5498064271718762,-0.032806073441788715
21,0.038752117518406244,-0.12343281864272175,0.01068480831183212
22,0.030212360584995126,0.2727280112991405,-0.020946078204154207
23,0.03164699688852807,0.044802063433500156,-0.0005461468161055247
24,0.0003000226238549864,0.5382425215721338,-0.03522036317604032
25,-0.0059238811663632485,0.5785127002112137,-0.03617503637899952
26,0.03755178392439697,0.07770333126822773,-0.006874325387812825
27,0.000959587485657515,0.2816739508183385,-0.01363862176576266
28,-0.00418000241333591,0.6046728838114628,-0.04128353631806416
29,0.005448606791673081,0.7379505906233963,-0.059287424675310195
30,-0.0015053469899694329,0.35573668661227725,-0.018126982571999715
31,0.015310247661519913,-0.01593530570115589,0.009758441461062526
32,-0.010706517512619623,0.6395231449784933,-0.03912172543989532
33,0.02026219190356895,0.013299209158766558,0.006450452414679712
34,0.0019387061228806003,0.33838415020113094,-0.01731798148866021
35,-0.0014780490560857074,-0.14781653668822986,0.026959334598694942
36,0.008296874862356208,-0.06442783714584424,0.01647496616545429
37,0.02002265803193348,0.33253463653446563,-0.02167931442853529
38,-0.01583730743365161,0.6499537209395393,-0.037119940549664276
39,0.0014190403641823213,0.666568863437347,-0.04898511520039734
40,0.022162342192136156,-0.16299631014373678,0.020908274523634203
41,0.008452753128779399,0.35481091765181444,-0.019397702445864397
42,-0.0017812370948390647,0.5952694826092413,-0.03990733446146322
43,-0.014296523468015717,0.5592097360818054,-0.029989513675091475
44,-0.0215378572297171,0.6373206903650123,-0.032858959797155175
45,-0.0017669000242018901,0.6552765049147982,-0.04649861435827311
46,0.00907977972499859,-0.001955263629491756,0.010708284824269741
47,0.0006618099610867326,-0.14180423936962364,0.025836795550000985
48,0.004456988738267071,0.2031300099263554,-0.0075486260858675025
49,0.0025340690895607376,0.3985254921655515,-0.022216752901868173
50,0.006176327431340412,0.32518572708968163,-0.01604262139780698
51,0.010697967476995068,0.6304451447410003,-0.04994451698093228
52,0.005347421104393529,0.11857057033546874,-0.0006588540175999273
53,0.019690881853278573,-0.05486631454362173,0.011626917180342417
54,0.011412355517115452,0.6917652019887531,-0.05755864187090313
55,0.005068733465867694,0.0565601575668424,0.005014775337988839
56,0.012164323720384944,-0.1934811956889197,0.02708358977254215
57,-0.013653097300350522,0.6443034197311075,-0.03787695244097469
58,0.010583485998684044,0.0597163320915808,0.005003831950280037
59,-0.009533109671013612,0.6104127262061475,-0.037193784207994254
60,0.001963180426333253,0.2646277052632222,-0.012387156744365751
61,0.006972775383581601,-0.20470664099587121,0.029667329069671743
62,0.0015636258509373869,0.5953295910458127,-0.041610242144237745
63,0.024626938410364688,-0.03878859435049696,0.009482496179556977
