,Cx,Cy,Cz
0,0.06585372316500525,-0.2550978907880766,0.020532151402577494
1,0.014903507047050263,-0.12046612860468066,0.023590395862184418
2,0.05736702905164289,0.6553943085381587,-0.03732270293853538
3,0.030254620422109243,0.6014787555747135,-0.03386543305455771
4,0.029739711364287567,0.4395720617349645,-0.025898675729608252
5,0.012970032969161145,0.3152553667238898,-0.01569255138807617
6,0.07432800999764734,0.6507311512504622,-0.04460884319308967
7,0.020664890107442466,0.48751949150875634,-0.02719030165044034
8,0.06927397446293203,0.642160227180634,-0.03904081767390966
9,0.011014956954668182,0.22500396785071597,-0.009867139997108565
10,0.051986464255763074,-0.17717310112449872,0.017696676682635405
11,0.06758246815011307,0.5938820559874645,-0.04402463657822272
12,0.04906264132278687,-0.14125539895628852,0.014107999476021366
13,0.07688840332939936,0.6559058902278587,-0.0427862896935313
14,0.020215131690895196,0.09000969993942833,0.0019645356667195427
15,0.11526272069016294,0.7718566147515589,-0.06560877760165203
16,0.08798655401840595,0.670377225757439,-0.04739421187000063
17,0.010103215214160707,0.14387016774884742,-0.003440914912427499
18,0.05437296586986171,0.49289309760448247,-0.034697828852874445
19,0.033301602152127456,0.22225764924317654,-0.010715840091043028
20,0.028969981082037365,0.5579098218403044,-0.03251438045989634
21,0.04967163151967128,-0.12389537073305323,0.011274356592714967
22,0.049636572629052626,0.27468653128799525,-0.02063645868618711
23,0.03752997736218755,0.04534779807052685,-0.00039277911580912954
24,0.04146110811465262,0.545241095199576,-0.034803162039587825
25,0.039706196737804386,0.5863915288844672,-0.03563496357967599
26,0.04449228899926494,0.07819154463736185,-0.00670560344627324
27,0.011986861774290907,0.28590988116693206,-0.014000024880240958
28,0.08321743472678235,0.6081069358902523,-0.04009061018982661
29,0.10809856898557772,0.7419787348621563,-0.05859816383677414
30,0.014078797135912447,0.3611075140181157,-0.01842633343157766
31,0.02130974376437025,-0.01601867546676364,0.010191988682702565
32,0.061470132856548634,0.6463639450136264,-0.038042496460719485
33,0.02560872897509075,0.013730827446983472,0.006740856014498979
34,0.01579733880920379,0.343456835059589,-0.01761670913001219
35,0.012066460961428568,-0.15030132179845182,0.028051433955921898
36,0.016097024761227544,-0.06539131377519569,0.017074883888504075
37,0.0433113808043732,0.3358686136214089,-0.021382297346217223
38,0.051163615529793316,0.6578911375515836,-0.036116852797373755
39,0.08762425748309025,0.6716901543009992,-0.04837492414563002
40,0.03867225789235384,-0.16396132850629558,0.021790769067715213
41,0.028204296863958866,0.3595707102010203,-0.01935093635561456
42,0.052748929272185004,0.6024556751866286,-0.039261459697016804
43,0.024724634671635968,0.5677322472974775,-0.029657628025954078
44,0.03429770936830184,0.6468970629760077,-0.03197130046126209
45,0.09117559724428552,0.6596334361720658,-0.04556968043387852
46,0.014921967613276103,-0.0020016781897787567,0.011015783923083658
47,0.01335476971900943,-0.1441190749536354,0.026880513605418814
48,0.011411290599166308,0.20614598457628794,-0.007861118538847465
49,0.022832298964025284,0.40436016868233887,-0.022302848397537697
50,0.02161393863648953,0.329870119693465,-0.016191306192196792
51,0.07890617886995124,0.6357823547326089,-0.04932526865746913
52,0.010462509021782487,0.12029406044784702,-0.0008144180817171296
53,0.02714514269197882,-0.055230380405048754,0.01215757879704702
54,0.09488714556371924,0.6965358304171338,-0.056830814321327416
55,0.010181993405757487,0.0573301640210685,0.0050493996800221
56,0.02942540899518112,-0.19583043138828043,0.02811570385547856
57,0.0507720826249076,0.6525395243170294,-0.0369942502113733
58,0.015613090704754437,0.060598316063577434,0.005099053105088304
59,0.042182318629543386,0.6186952313488622,-0.03651121457055724
60,0.011811352465971776,0.26859291646740424,-0.012749044369652294
61,0.024298493701953673,-0.20761262220686497,0.03078773000061769
62,0.0581270030788801,0.60205000940965,-0.0410063569833485
63,0.031324203323854556,-0.03871973424968942,0.009912144518120941
