,Cx,Cy,Cz
0,0.06063067304915603,-0.25522642722039984,0.020623562849203463
1,0.00967725016103055,-0.12046831929423515,0.023537357416024952
2,0.05324453515070081,0.6555145179077555,-0.03787914030369771
3,0.02513575223236207,0.6015652911999493,-0.03396545171240603
4,0.024752170592640413,0.43965487276028586,-0.02591480632742269
5,0.007317437968934207,0.3153088050012076,-0.015568326412217361
6,0.07019110947566748,0.6508797593715867,-0.045007938667594775
7,0.01530993928801373,0.4875966338976676,-0.027146436634594404
8,0.06545186124059788,0.6422809120112497,-0.03969114617214411
9,0.005209873654383098,0.22503642059216664,-0.009724309386521005
10,0.047055719935967376,-0.17725688693112787,0.017688636803145502
11,0.06278869389461422,0.5940878730735405,-0.04409240037861859
12,0.04409368823811791,-0.141325081833943,0.014108687025350118
13,0.07305396633027893,0.6560391452453946,-0.04337981097473011
14,0.01525174605782768,0.09004314371172571,0.0019544367475713667
15,0.11043720330301748,0.7722014034831732,-0.065647431308402
16,0.08415329692954081,0.6705461743602493,-0.04789980540592944
17,0.004287244892809981,0.14388460696288818,-0.003300162442445475
18,0.04952798045561894,0.4930648545795954,-0.03474694096622496
19,0.028473576352628573,0.22233512370068229,-0.010802077466078707
20,0.023854338609553803,0.5579851241793571,-0.03257137777852587
21,0.044604481178622875,-0.12396002820911703,0.011304161474665134
22,0.04472557204537104,0.2748293269803503,-0.020723169784373024
23,0.03258772255586095,0.04535846827462435,-0.00042686266518949617
24,0.03660286685074152,0.5453431640047454,-0.034909610508821014
25,0.03487543952773557,0.5864745675468044,-0.03580402550342609
26,0.03937609807528499,0.07822874868809265,-0.006686485815894414
27,0.006205778197537267,0.28595623371248713,-0.013866692438559435
28,0.08004119552887153,0.6082720836463005,-0.04082568881244263
29,0.10376654164655222,0.7422512244947963,-0.0587946227302994
30,0.008480449984565597,0.36117182006776083,-0.018318910228348837
31,0.01638666168695064,-0.015999608486262425,0.010122561513416131
32,0.057421509242461026,0.6464745466400795,-0.038616544034268986
33,0.02077897780937482,0.013746422800135976,0.006670005517662009
34,0.01040032454075766,0.3435148932560036,-0.017517704628857284
35,0.006587285680720355,-0.1503391363327824,0.028032631233538947
36,0.010944842742935182,-0.06537567795461326,0.017051937599122154
37,0.03848201843341242,0.33599687642943543,-0.021467953380569615
38,0.046868708324383265,0.6580012827745758,-0.036642579918638236
39,0.0836559368076652,0.6718723945590744,-0.04879156859566033
40,0.034095436563092926,-0.1640192340634786,0.02160274377623939
41,0.023273399819958362,0.3596498073943602,-0.01936902310630232
42,0.04811681300638367,0.6025717716332099,-0.03947993772320055
43,0.019422638933216652,0.5678352434789178,-0.029731344029118072
44,0.029362235531166448,0.6470030240688655,-0.03229927070293569
45,0.08761792674940887,0.6597945314471365,-0.04619966573297397
46,0.009701763776863133,-0.001978143632653211,0.011041956253360009
47,0.007996529299098769,-0.14414105215308579,0.026837641832943276
48,0.005751815014204247,0.20618038855846121,-0.007724681549963465
49,0.017705048745754362,0.4044304032368116,-0.022267956003299876
50,0.016546693148149105,0.32993727610583545,-0.016154482715769546
51,0.07409041875504307,0.6360268067094923,-0.04937740323530792
52,0.0047686079541171406,0.12031101350821988,-0.0006856435647413254
53,0.022372927747209528,-0.055229463438547684,0.012040150784293206
54,0.09004256936294083,0.6968300804416874,-0.05686553239175873
55,0.004496844206927173,0.05733455898319642,0.005162428201962776
56,0.02478041945961692,-0.19584896446170943,0.027875413398307753
57,0.04643516743927352,0.6526369503119601,-0.03746783195052113
58,0.010431285775308493,0.060629302852822385,0.005142514379807867
59,0.03745636989825012,0.6187759177170205,-0.036759563883042884
60,0.006067223612878191,0.26863600931147,-0.012611585121651609
61,0.019520983899055825,-0.20761758778670703,0.03055430608176646
62,0.05348030411424416,0.6021933437463144,-0.04118496403318106
63,0.026551641393751255,-0.03872950706763413,0.009829051200354022
